#N canvas 1027 35 336 708 12;
#N canvas 676 0 681 676 adsr 0;
#X msg 292 119 legato \$1;
#X msg 222 119 rel \$1;
#X msg 152 119 sus \$1;
#X obj 152 90 * 0.01;
#X msg 82 119 dec \$1;
#X msg 12 119 att \$1;
#X obj 292 12 r \$0-legato;
#X obj 222 12 r \$0-rel;
#X obj 152 12 r \$0-sus;
#X obj 82 12 r \$0-dec;
#X obj 12 12 r \$0-att;
#X obj 12 178 list prepend adsr;
#X obj 12 207 s \$0-params;
#X msg 383 119 anticlick \$1;
#X obj 383 12 r \$0-anticlick;
#X text 30 239 se reciben los parámetros de envolvente \, legato y
anticlick \, y se envían a todas las voces instanciadas por [clone]
;
#X connect 0 0 11 0;
#X connect 1 0 11 0;
#X connect 2 0 11 0;
#X connect 3 0 2 0;
#X connect 4 0 11 0;
#X connect 5 0 11 0;
#X connect 6 0 0 0;
#X connect 7 0 1 0;
#X connect 8 0 3 0;
#X connect 9 0 4 0;
#X connect 10 0 5 0;
#X connect 11 0 12 0;
#X connect 13 0 11 0;
#X connect 14 0 13 0;
#X restore 12 445 pd adsr;
#N canvas 21 0 1366 685 window 0;
#X obj 13 32 loadbang;
#X obj 321 341 soundfiler;
#X obj 402 269 f \$0;
#X obj 402 245 loadbang;
#X obj 321 293 list prepend;
#X obj 321 240 openpanel;
#X obj 321 216 r \$0-loadWindow;
#X msg 211 284 symbol \$1;
#X obj 181 245 symbol;
#X obj 181 308 s \$0-window-path;
#X obj 100 197 r \$0-window-path-r;
#X obj 100 221 route symbol;
#X obj 23 90 s \$0-window-duration;
#X obj 13 119 list prepend pass window duration;
#X obj 13 143 s \$0-params;
#X obj 517 167 r \$0-window-sel;
#X obj 549 220 sel 0 1 2 3 4 5;
#X msg 549 249 straight;
#X msg 566 273 hann;
#X msg 583 297 tri;
#X msg 634 369 custom;
#X msg 321 317 read \$2 \$1-custom;
#X msg 13 61 512;
#X obj 549 408 list prepend pass window shape;
#X obj 549 432 s \$0-params;
#X obj 323 570 tabread4~;
#X msg 441 432 set \$1-\$2;
#X obj 441 408 list prepend;
#X obj 51 409 samplerate~;
#X obj 51 507 phasor~;
#X obj 139 419 r \$0-window-duration;
#X obj 51 351 loadbang;
#X obj 51 448 /;
#X obj 51 380 delay 15;
#X obj 517 191 t b f;
#X obj 323 439 t b b;
#X msg 355 468 0;
#X obj 51 531 *~ 128;
#X obj 773 456 s \$0-window-sel-r;
#X obj 773 408 list prepend label;
#X obj 773 432 list trim;
#X obj 51 472 *;
#X obj 139 443 / 128;
#N canvas 0 50 450 250 (subpatch) 0;
#X array \$0-hann 515 float 1;
#A 0 3.76105e-05 0 3.76701e-05 0.000150651 0.000338882 0.000602394
0.000941098 0.00135493 0.0018439 0.00240788 0.00304678 0.00376052 0.004549
0.0054121 0.00634968 0.00736159 0.00844771 0.00960785 0.0108418 0.0121495
0.0135306 0.014985 0.0165124 0.0181127 0.0197855 0.0215306 0.0233478
0.0252367 0.0271972 0.0292289 0.0313314 0.0335046 0.035748 0.0380613
0.0404442 0.0428962 0.0454172 0.0480066 0.050664 0.0533891 0.0561815
0.0590407 0.0619664 0.0649579 0.068015 0.0711372 0.074324 0.0775748
0.0808893 0.0842669 0.0877071 0.0912094 0.0947732 0.0983981 0.102083
0.105829 0.109633 0.113497 0.117418 0.121398 0.125434 0.129527 0.133675
0.137879 0.142137 0.146449 0.150814 0.155232 0.159702 0.164223 0.168795
0.173416 0.178087 0.182806 0.187573 0.192387 0.197247 0.202153 0.207104
0.212099 0.217137 0.222218 0.22734 0.232504 0.237708 0.242952 0.248234
0.253554 0.258911 0.264305 0.269734 0.275198 0.280695 0.286226 0.291789
0.297383 0.303007 0.308662 0.314345 0.320056 0.325794 0.331559 0.337348
0.343163 0.349001 0.354861 0.360744 0.366647 0.372571 0.378514 0.384475
0.390453 0.396448 0.402459 0.408484 0.414523 0.420575 0.426639 0.432714
0.438799 0.444893 0.450996 0.457106 0.463222 0.469344 0.47547 0.481601
0.487734 0.493868 0.500004 0.50614 0.512275 0.518408 0.524538 0.530665
0.536787 0.542903 0.549013 0.555116 0.56121 0.567295 0.57337 0.579434
0.585485 0.591524 0.59755 0.60356 0.609555 0.615534 0.621495 0.627437
0.633361 0.639264 0.645147 0.651007 0.656845 0.66266 0.668449 0.674214
0.679952 0.685663 0.691346 0.697001 0.702625 0.708219 0.713782 0.719313
0.72481 0.730274 0.735703 0.741096 0.746453 0.751774 0.757056 0.762299
0.767503 0.772667 0.777789 0.78287 0.787908 0.792903 0.797854 0.80276
0.80762 0.812434 0.817201 0.82192 0.82659 0.831212 0.835783 0.840304
0.844774 0.849192 0.853557 0.857869 0.862127 0.866331 0.870479 0.874572
0.878608 0.882587 0.886509 0.890372 0.894177 0.897922 0.901607 0.905232
0.908796 0.912298 0.915738 0.919115 0.92243 0.925681 0.928867 0.931989
0.935046 0.938038 0.940963 0.943823 0.946615 0.94934 0.951997 0.954586
0.957107 0.959559 0.961942 0.964255 0.966499 0.968672 0.970774 0.972806
0.974766 0.976655 0.978472 0.980217 0.98189 0.98349 0.985017 0.986471
0.987852 0.98916 0.990394 0.991554 0.99264 0.993652 0.994589 0.995452
0.996241 0.996954 0.997593 0.998157 0.998646 0.999059 0.999398 0.999661
0.99985 0.999962 1 0.999962 0.999849 0.999661 0.999398 0.999059 0.998645
0.998156 0.997592 0.996953 0.99624 0.995451 0.994588 0.993651 0.992639
0.991553 0.990393 0.989159 0.987851 0.98647 0.985016 0.983488 0.981888
0.980215 0.97847 0.976653 0.974764 0.972804 0.970772 0.96867 0.966496
0.964253 0.96194 0.959557 0.957105 0.954584 0.951995 0.949337 0.946612
0.94382 0.940961 0.938035 0.935044 0.931987 0.928864 0.925678 0.922427
0.919113 0.915735 0.912295 0.908793 0.905229 0.901604 0.897919 0.894174
0.890369 0.886506 0.882584 0.878605 0.874569 0.870476 0.866328 0.862124
0.857866 0.853554 0.849189 0.844771 0.840301 0.83578 0.831208 0.826587
0.821916 0.817197 0.81243 0.807616 0.802756 0.79785 0.7929 0.787905
0.782867 0.777786 0.772663 0.7675 0.762296 0.757052 0.75177 0.74645
0.741093 0.735699 0.73027 0.724806 0.719309 0.713778 0.708215 0.702621
0.696997 0.691342 0.685659 0.679948 0.67421 0.668445 0.662656 0.656841
0.651003 0.645143 0.63926 0.633357 0.627433 0.62149 0.615529 0.609551
0.603556 0.597546 0.59152 0.585481 0.579429 0.573365 0.567291 0.561206
0.555111 0.549009 0.542899 0.536782 0.530661 0.524534 0.518404 0.512271
0.506136 0.5 0.493864 0.487729 0.481596 0.475466 0.46934 0.463218 0.457101
0.450991 0.444889 0.438795 0.432709 0.426635 0.420571 0.414519 0.40848
0.402455 0.396444 0.390449 0.384471 0.37851 0.372567 0.366643 0.36074
0.354857 0.348997 0.343159 0.337344 0.331555 0.32579 0.320052 0.314341
0.308658 0.303003 0.297379 0.291785 0.286222 0.280691 0.275194 0.26973
0.264301 0.258908 0.25355 0.24823 0.242948 0.237705 0.232501 0.227337
0.222214 0.217133 0.212095 0.2071 0.20215 0.197244 0.192383 0.18757
0.182803 0.178084 0.173413 0.168791 0.16422 0.159699 0.155229 0.150811
0.146446 0.142134 0.137876 0.133672 0.129524 0.125431 0.121395 0.117416
0.113494 0.109631 0.105826 0.102081 0.0983955 0.0947706 0.0912068 0.0877046
0.0842644 0.0808869 0.0775725 0.0743217 0.071135 0.0680128 0.0649558
0.0619642 0.0590387 0.0561795 0.0533872 0.0506621 0.0480047 0.0454153
0.0428945 0.0404424 0.0380596 0.0357463 0.033503 0.0313299 0.0292274
0.0271958 0.0252354 0.0233465 0.0215293 0.0197842 0.0181115 0.0165113
0.0149839 0.0135296 0.0121485 0.0108409 0.00960699 0.0084469 0.00736085
0.00634897 0.00541145 0.0045484 0.00375998 0.0030463 0.00240743 0.00184351
0.0013546 0.00094083 0.000602156 0.000338733 0.000150532 3.76105e-05
0 3.76701e-05;
#X coords 0 1 514 0 60 30 1 0 0;
#X restore 716 177 graph;
#N canvas 104 104 450 250 (subpatch) 0;
#X array \$0-tri 515 float 1;
#A 0 0.00390625 0 0.00390625 0.0078125 0.0117188 0.015625 0.0195312
0.0234375 0.0273438 0.03125 0.0351562 0.0390625 0.0429688 0.046875
0.0507812 0.0546875 0.0585938 0.0625 0.0664062 0.0703125 0.0742188
0.078125 0.0820312 0.0859375 0.0898438 0.09375 0.0976562 0.101562 0.105469
0.109375 0.113281 0.117188 0.121094 0.125 0.128906 0.132812 0.136719
0.140625 0.144531 0.148438 0.152344 0.15625 0.160156 0.164062 0.167969
0.171875 0.175781 0.179688 0.183594 0.1875 0.191406 0.195312 0.199219
0.203125 0.207031 0.210938 0.214844 0.21875 0.222656 0.226562 0.230469
0.234375 0.238281 0.242188 0.246094 0.25 0.253906 0.257812 0.261719
0.265625 0.269531 0.273438 0.277344 0.28125 0.285156 0.289062 0.292969
0.296875 0.300781 0.304688 0.308594 0.3125 0.316406 0.320312 0.324219
0.328125 0.332031 0.335938 0.339844 0.34375 0.347656 0.351562 0.355469
0.359375 0.363281 0.367188 0.371094 0.375 0.378906 0.382812 0.386719
0.390625 0.394531 0.398438 0.402344 0.40625 0.410156 0.414062 0.417969
0.421875 0.425781 0.429688 0.433594 0.4375 0.441406 0.445312 0.449219
0.453125 0.457031 0.460938 0.464844 0.46875 0.472656 0.476562 0.480469
0.484375 0.488281 0.492188 0.496094 0.5 0.503906 0.507812 0.511719
0.515625 0.519531 0.523438 0.527344 0.53125 0.535156 0.539062 0.542969
0.546875 0.550781 0.554688 0.558594 0.5625 0.566406 0.570312 0.574219
0.578125 0.582031 0.585938 0.589844 0.59375 0.597656 0.601562 0.605469
0.609375 0.613281 0.617188 0.621094 0.625 0.628906 0.632812 0.636719
0.640625 0.644531 0.648438 0.652344 0.65625 0.660156 0.664062 0.667969
0.671875 0.675781 0.679688 0.683594 0.6875 0.691406 0.695312 0.699219
0.703125 0.707031 0.710938 0.714844 0.71875 0.722656 0.726562 0.730469
0.734375 0.738281 0.742188 0.746094 0.75 0.753906 0.757812 0.761719
0.765625 0.769531 0.773438 0.777344 0.78125 0.785156 0.789062 0.792969
0.796875 0.800781 0.804688 0.808594 0.8125 0.816406 0.820312 0.824219
0.828125 0.832031 0.835938 0.839844 0.84375 0.847656 0.851562 0.855469
0.859375 0.863281 0.867188 0.871094 0.875 0.878906 0.882812 0.886719
0.890625 0.894531 0.898438 0.902344 0.90625 0.910156 0.914062 0.917969
0.921875 0.925781 0.929688 0.933594 0.9375 0.941406 0.945312 0.949219
0.953125 0.957031 0.960938 0.964844 0.96875 0.972656 0.976562 0.980469
0.984375 0.988281 0.992188 0.996094 1 0.996094 0.992188 0.988281 0.984375
0.980469 0.976562 0.972656 0.96875 0.964844 0.960938 0.957031 0.953125
0.949219 0.945312 0.941406 0.9375 0.933594 0.929688 0.925781 0.921875
0.917969 0.914062 0.910156 0.90625 0.902344 0.898438 0.894531 0.890625
0.886719 0.882812 0.878906 0.875 0.871094 0.867188 0.863281 0.859375
0.855469 0.851562 0.847656 0.84375 0.839844 0.835938 0.832031 0.828125
0.824219 0.820312 0.816406 0.8125 0.808594 0.804688 0.800781 0.796875
0.792969 0.789062 0.785156 0.78125 0.777344 0.773438 0.769531 0.765625
0.761719 0.757812 0.753906 0.75 0.746094 0.742188 0.738281 0.734375
0.730469 0.726562 0.722656 0.71875 0.714844 0.710938 0.707031 0.703125
0.699219 0.695312 0.691406 0.6875 0.683594 0.679688 0.675781 0.671875
0.667969 0.664062 0.660156 0.65625 0.652344 0.648438 0.644531 0.640625
0.636719 0.632812 0.628906 0.625 0.621094 0.617188 0.613281 0.609375
0.605469 0.601562 0.597656 0.59375 0.589844 0.585938 0.582031 0.578125
0.574219 0.570312 0.566406 0.5625 0.558594 0.554688 0.550781 0.546875
0.542969 0.539062 0.535156 0.53125 0.527344 0.523438 0.519531 0.515625
0.511719 0.507812 0.503906 0.5 0.496094 0.492188 0.488281 0.484375
0.480469 0.476562 0.472656 0.46875 0.464844 0.460938 0.457031 0.453125
0.449219 0.445312 0.441406 0.4375 0.433594 0.429688 0.425781 0.421875
0.417969 0.414062 0.410156 0.40625 0.402344 0.398438 0.394531 0.390625
0.386719 0.382812 0.378906 0.375 0.371094 0.367188 0.363281 0.359375
0.355469 0.351562 0.347656 0.34375 0.339844 0.335938 0.332031 0.328125
0.324219 0.320312 0.316406 0.3125 0.308594 0.304688 0.300781 0.296875
0.292969 0.289062 0.285156 0.28125 0.277344 0.273438 0.269531 0.265625
0.261719 0.257812 0.253906 0.25 0.246094 0.242188 0.238281 0.234375
0.230469 0.226562 0.222656 0.21875 0.214844 0.210938 0.207031 0.203125
0.199219 0.195312 0.191406 0.1875 0.183594 0.179688 0.175781 0.171875
0.167969 0.164062 0.160156 0.15625 0.152344 0.148438 0.144531 0.140625
0.136719 0.132812 0.128906 0.125 0.121094 0.117188 0.113281 0.109375
0.105469 0.101562 0.0976562 0.09375 0.0898438 0.0859375 0.0820312 0.078125
0.0742188 0.0703125 0.0664062 0.0625 0.0585938 0.0546875 0.0507812
0.046875 0.0429688 0.0390625 0.0351562 0.03125 0.0273438 0.0234375
0.0195312 0.015625 0.0117188 0.0078125 0.00390625 0 0.00390625;
#X coords 0 1 514 0 60 30 1 0 0;
#X restore 806 97 graph;
#N canvas 0 50 450 250 (subpatch) 0;
#X array \$0-down 515 float 1;
#A 0 0.00195312 1 0.998047 0.996094 0.994141 0.992188 0.990234 0.988281
0.986328 0.984375 0.982422 0.980469 0.978516 0.976562 0.974609 0.972656
0.970703 0.96875 0.966797 0.964844 0.962891 0.960938 0.958984 0.957031
0.955078 0.953125 0.951172 0.949219 0.947266 0.945312 0.943359 0.941406
0.939453 0.9375 0.935547 0.933594 0.931641 0.929688 0.927734 0.925781
0.923828 0.921875 0.919922 0.917969 0.916016 0.914062 0.912109 0.910156
0.908203 0.90625 0.904297 0.902344 0.900391 0.898438 0.896484 0.894531
0.892578 0.890625 0.888672 0.886719 0.884766 0.882812 0.880859 0.878906
0.876953 0.875 0.873047 0.871094 0.869141 0.867188 0.865234 0.863281
0.861328 0.859375 0.857422 0.855469 0.853516 0.851562 0.849609 0.847656
0.845703 0.84375 0.841797 0.839844 0.837891 0.835938 0.833984 0.832031
0.830078 0.828125 0.826172 0.824219 0.822266 0.820312 0.818359 0.816406
0.814453 0.8125 0.810547 0.808594 0.806641 0.804688 0.802734 0.800781
0.798828 0.796875 0.794922 0.792969 0.791016 0.789062 0.787109 0.785156
0.783203 0.78125 0.779297 0.777344 0.775391 0.773438 0.771484 0.769531
0.767578 0.765625 0.763672 0.761719 0.759766 0.757812 0.755859 0.753906
0.751953 0.75 0.748047 0.746094 0.744141 0.742188 0.740234 0.738281
0.736328 0.734375 0.732422 0.730469 0.728516 0.726562 0.724609 0.722656
0.720703 0.71875 0.716797 0.714844 0.712891 0.710938 0.708984 0.707031
0.705078 0.703125 0.701172 0.699219 0.697266 0.695312 0.693359 0.691406
0.689453 0.6875 0.685547 0.683594 0.681641 0.679688 0.677734 0.675781
0.673828 0.671875 0.669922 0.667969 0.666016 0.664062 0.662109 0.660156
0.658203 0.65625 0.654297 0.652344 0.650391 0.648438 0.646484 0.644531
0.642578 0.640625 0.638672 0.636719 0.634766 0.632812 0.630859 0.628906
0.626953 0.625 0.623047 0.621094 0.619141 0.617188 0.615234 0.613281
0.611328 0.609375 0.607422 0.605469 0.603516 0.601562 0.599609 0.597656
0.595703 0.59375 0.591797 0.589844 0.587891 0.585938 0.583984 0.582031
0.580078 0.578125 0.576172 0.574219 0.572266 0.570312 0.568359 0.566406
0.564453 0.5625 0.560547 0.558594 0.556641 0.554688 0.552734 0.550781
0.548828 0.546875 0.544922 0.542969 0.541016 0.539062 0.537109 0.535156
0.533203 0.53125 0.529297 0.527344 0.525391 0.523438 0.521484 0.519531
0.517578 0.515625 0.513672 0.511719 0.509766 0.507812 0.505859 0.503906
0.501953 0.5 0.498047 0.496094 0.494141 0.492188 0.490234 0.488281
0.486328 0.484375 0.482422 0.480469 0.478516 0.476562 0.474609 0.472656
0.470703 0.46875 0.466797 0.464844 0.462891 0.460938 0.458984 0.457031
0.455078 0.453125 0.451172 0.449219 0.447266 0.445312 0.443359 0.441406
0.439453 0.4375 0.435547 0.433594 0.431641 0.429688 0.427734 0.425781
0.423828 0.421875 0.419922 0.417969 0.416016 0.414062 0.412109 0.410156
0.408203 0.40625 0.404297 0.402344 0.400391 0.398438 0.396484 0.394531
0.392578 0.390625 0.388672 0.386719 0.384766 0.382812 0.380859 0.378906
0.376953 0.375 0.373047 0.371094 0.369141 0.367188 0.365234 0.363281
0.361328 0.359375 0.357422 0.355469 0.353516 0.351562 0.349609 0.347656
0.345703 0.34375 0.341797 0.339844 0.337891 0.335938 0.333984 0.332031
0.330078 0.328125 0.326172 0.324219 0.322266 0.320312 0.318359 0.316406
0.314453 0.3125 0.310547 0.308594 0.306641 0.304688 0.302734 0.300781
0.298828 0.296875 0.294922 0.292969 0.291016 0.289062 0.287109 0.285156
0.283203 0.28125 0.279297 0.277344 0.275391 0.273438 0.271484 0.269531
0.267578 0.265625 0.263672 0.261719 0.259766 0.257812 0.255859 0.253906
0.251953 0.25 0.248047 0.246094 0.244141 0.242188 0.240234 0.238281
0.236328 0.234375 0.232422 0.230469 0.228516 0.226562 0.224609 0.222656
0.220703 0.21875 0.216797 0.214844 0.212891 0.210938 0.208984 0.207031
0.205078 0.203125 0.201172 0.199219 0.197266 0.195312 0.193359 0.191406
0.189453 0.1875 0.185547 0.183594 0.181641 0.179688 0.177734 0.175781
0.173828 0.171875 0.169922 0.167969 0.166016 0.164062 0.162109 0.160156
0.158203 0.15625 0.154297 0.152344 0.150391 0.148438 0.146484 0.144531
0.142578 0.140625 0.138672 0.136719 0.134766 0.132812 0.130859 0.128906
0.126953 0.125 0.123047 0.121094 0.119141 0.117188 0.115234 0.113281
0.111328 0.109375 0.107422 0.105469 0.103516 0.101562 0.0996094 0.0976562
0.0957031 0.09375 0.0917969 0.0898438 0.0878906 0.0859375 0.0839844
0.0820312 0.0800781 0.078125 0.0761719 0.0742188 0.0722656 0.0703125
0.0683594 0.0664062 0.0644531 0.0625 0.0605469 0.0585938 0.0566406
0.0546875 0.0527344 0.0507812 0.0488281 0.046875 0.0449219 0.0429688
0.0410156 0.0390625 0.0371094 0.0351562 0.0332031 0.03125 0.0292969
0.0273438 0.0253906 0.0234375 0.0214844 0.0195312 0.0175781 0.015625
0.0136719 0.0117188 0.00976562 0.0078125 0.00585938 0.00390625 0.00195312
1 0.998047;
#X coords 0 1 514 0 60 30 1 0 0;
#X restore 806 150 graph;
#N canvas 0 50 450 250 (subpatch) 0;
#X array \$0-up 515 float 1;
#A 0 0.998047 0 0.00195312 0.00390625 0.00585938 0.0078125 0.00976562
0.0117188 0.0136719 0.015625 0.0175781 0.0195312 0.0214844 0.0234375
0.0253906 0.0273438 0.0292969 0.03125 0.0332031 0.0351562 0.0371094
0.0390625 0.0410156 0.0429688 0.0449219 0.046875 0.0488281 0.0507812
0.0527344 0.0546875 0.0566406 0.0585938 0.0605469 0.0625 0.0644531
0.0664062 0.0683594 0.0703125 0.0722656 0.0742188 0.0761719 0.078125
0.0800781 0.0820312 0.0839844 0.0859375 0.0878906 0.0898438 0.0917969
0.09375 0.0957031 0.0976562 0.0996094 0.101562 0.103516 0.105469 0.107422
0.109375 0.111328 0.113281 0.115234 0.117188 0.119141 0.121094 0.123047
0.125 0.126953 0.128906 0.130859 0.132812 0.134766 0.136719 0.138672
0.140625 0.142578 0.144531 0.146484 0.148438 0.150391 0.152344 0.154297
0.15625 0.158203 0.160156 0.162109 0.164062 0.166016 0.167969 0.169922
0.171875 0.173828 0.175781 0.177734 0.179688 0.181641 0.183594 0.185547
0.1875 0.189453 0.191406 0.193359 0.195312 0.197266 0.199219 0.201172
0.203125 0.205078 0.207031 0.208984 0.210938 0.212891 0.214844 0.216797
0.21875 0.220703 0.222656 0.224609 0.226562 0.228516 0.230469 0.232422
0.234375 0.236328 0.238281 0.240234 0.242188 0.244141 0.246094 0.248047
0.25 0.251953 0.253906 0.255859 0.257812 0.259766 0.261719 0.263672
0.265625 0.267578 0.269531 0.271484 0.273438 0.275391 0.277344 0.279297
0.28125 0.283203 0.285156 0.287109 0.289062 0.291016 0.292969 0.294922
0.296875 0.298828 0.300781 0.302734 0.304688 0.306641 0.308594 0.310547
0.3125 0.314453 0.316406 0.318359 0.320312 0.322266 0.324219 0.326172
0.328125 0.330078 0.332031 0.333984 0.335938 0.337891 0.339844 0.341797
0.34375 0.345703 0.347656 0.349609 0.351562 0.353516 0.355469 0.357422
0.359375 0.361328 0.363281 0.365234 0.367188 0.369141 0.371094 0.373047
0.375 0.376953 0.378906 0.380859 0.382812 0.384766 0.386719 0.388672
0.390625 0.392578 0.394531 0.396484 0.398438 0.400391 0.402344 0.404297
0.40625 0.408203 0.410156 0.412109 0.414062 0.416016 0.417969 0.419922
0.421875 0.423828 0.425781 0.427734 0.429688 0.431641 0.433594 0.435547
0.4375 0.439453 0.441406 0.443359 0.445312 0.447266 0.449219 0.451172
0.453125 0.455078 0.457031 0.458984 0.460938 0.462891 0.464844 0.466797
0.46875 0.470703 0.472656 0.474609 0.476562 0.478516 0.480469 0.482422
0.484375 0.486328 0.488281 0.490234 0.492188 0.494141 0.496094 0.498047
0.5 0.501953 0.503906 0.505859 0.507812 0.509766 0.511719 0.513672
0.515625 0.517578 0.519531 0.521484 0.523438 0.525391 0.527344 0.529297
0.53125 0.533203 0.535156 0.537109 0.539062 0.541016 0.542969 0.544922
0.546875 0.548828 0.550781 0.552734 0.554688 0.556641 0.558594 0.560547
0.5625 0.564453 0.566406 0.568359 0.570312 0.572266 0.574219 0.576172
0.578125 0.580078 0.582031 0.583984 0.585938 0.587891 0.589844 0.591797
0.59375 0.595703 0.597656 0.599609 0.601562 0.603516 0.605469 0.607422
0.609375 0.611328 0.613281 0.615234 0.617188 0.619141 0.621094 0.623047
0.625 0.626953 0.628906 0.630859 0.632812 0.634766 0.636719 0.638672
0.640625 0.642578 0.644531 0.646484 0.648438 0.650391 0.652344 0.654297
0.65625 0.658203 0.660156 0.662109 0.664062 0.666016 0.667969 0.669922
0.671875 0.673828 0.675781 0.677734 0.679688 0.681641 0.683594 0.685547
0.6875 0.689453 0.691406 0.693359 0.695312 0.697266 0.699219 0.701172
0.703125 0.705078 0.707031 0.708984 0.710938 0.712891 0.714844 0.716797
0.71875 0.720703 0.722656 0.724609 0.726562 0.728516 0.730469 0.732422
0.734375 0.736328 0.738281 0.740234 0.742188 0.744141 0.746094 0.748047
0.75 0.751953 0.753906 0.755859 0.757812 0.759766 0.761719 0.763672
0.765625 0.767578 0.769531 0.771484 0.773438 0.775391 0.777344 0.779297
0.78125 0.783203 0.785156 0.787109 0.789062 0.791016 0.792969 0.794922
0.796875 0.798828 0.800781 0.802734 0.804688 0.806641 0.808594 0.810547
0.8125 0.814453 0.816406 0.818359 0.820312 0.822266 0.824219 0.826172
0.828125 0.830078 0.832031 0.833984 0.835938 0.837891 0.839844 0.841797
0.84375 0.845703 0.847656 0.849609 0.851562 0.853516 0.855469 0.857422
0.859375 0.861328 0.863281 0.865234 0.867188 0.869141 0.871094 0.873047
0.875 0.876953 0.878906 0.880859 0.882812 0.884766 0.886719 0.888672
0.890625 0.892578 0.894531 0.896484 0.898438 0.900391 0.902344 0.904297
0.90625 0.908203 0.910156 0.912109 0.914062 0.916016 0.917969 0.919922
0.921875 0.923828 0.925781 0.927734 0.929688 0.931641 0.933594 0.935547
0.9375 0.939453 0.941406 0.943359 0.945312 0.947266 0.949219 0.951172
0.953125 0.955078 0.957031 0.958984 0.960938 0.962891 0.964844 0.966797
0.96875 0.970703 0.972656 0.974609 0.976562 0.978516 0.980469 0.982422
0.984375 0.986328 0.988281 0.990234 0.992188 0.994141 0.996094 0.998047
0 0.00195312;
#X coords 0 1 514 0 60 30 1 0 0;
#X restore 806 203 graph;
#N canvas 0 50 450 250 (subpatch) 0;
#X array \$0-straight 515 float 3;
#A 0 1 1 1 1 1 1 1 1 1 1 1 1 1 1 1 1 1 1 1 1 1 1 1 1 1 1 1 1 1 1 1
1 1 1 1 1 1 1 1 1 1 1 1 1 1 1 1 1 1 1 1 1 1 1 1 1 1 1 1 1 1 1 1 1 1
1 1 1 1 1 1 1 1 1 1 1 1 1 1 1 1 1 1 1 1 1 1 1 1 1 1 1 1 1 1 1 1 1 1
1 1 1 1 1 1 1 1 1 1 1 1 1 1 1 1 1 1 1 1 1 1 1 1 1 1 1 1 1 1 1 1 1 1
1 1 1 1 1 1 1 1 1 1 1 1 1 1 1 1 1 1 1 1 1 1 1 1 1 1 1 1 1 1 1 1 1 1
1 1 1 1 1 1 1 1 1 1 1 1 1 1 1 1 1 1 1 1 1 1 1 1 1 1 1 1 1 1 1 1 1 1
1 1 1 1 1 1 1 1 1 1 1 1 1 1 1 1 1 1 1 1 1 1 1 1 1 1 1 1 1 1 1 1 1 1
1 1 1 1 1 1 1 1 1 1 1 1 1 1 1 1 1 1 1 1 1 1 1 1 1 1 1 1 1 1 1 1 1 1
1 1 1 1 1 1 1 1 1 1 1 1 1 1 1 1 1 1 1 1 1 1 1 1 1 1 1 1 1 1 1 1 1 1
1 1 1 1 1 1 1 1 1 1 1 1 1 1 1 1 1 1 1 1 1 1 1 1 1 1 1 1 1 1 1 1 1 1
1 1 1 1 1 1 1 1 1 1 1 1 1 1 1 1 1 1 1 1 1 1 1 1 1 1 1 1 1 1 1 1 1 1
1 1 1 1 1 1 1 1 1 1 1 1 1 1 1 1 1 1 1 1 1 1 1 1 1 1 1 1 1 1 1 1 1 1
1 1 1 1 1 1 1 1 1 1 1 1 1 1 1 1 1 1 1 1 1 1 1 1 1 1 1 1 1 1 1 1 1 1
1 1 1 1 1 1 1 1 1 1 1 1 1 1 1 1 1 1 1 1 1 1 1 1 1 1 1 1 1 1 1 1 1 1
1 1 1 1 1 1 1 1 1 1 1 1 1 1 1 1 1 1 1 1 1 1 1 1 1 1 1 1 1 1 1 1 1 1
1 1 1 1 1 1 1 1;
#X coords 0 1 515 0 60 30 1 0 0;
#X restore 716 124 graph;
#N canvas 0 50 450 250 (subpatch) 0;
#X array \$0-custom 515 float 0;
#X coords 0 1 514 0 60 30 1 0 0;
#X restore 896 150 graph;
#X obj 323 594 tabwrite~ \$0-win;
#X msg 600 321 down;
#X msg 617 345 up;
#X connect 0 0 22 0;
#X connect 2 0 4 1;
#X connect 2 0 27 1;
#X connect 3 0 2 0;
#X connect 4 0 21 0;
#X connect 5 0 4 0;
#X connect 5 0 7 0;
#X connect 6 0 5 0;
#X connect 7 0 9 0;
#X connect 8 0 4 0;
#X connect 8 0 9 0;
#X connect 10 0 11 0;
#X connect 11 1 8 0;
#X connect 13 0 14 0;
#X connect 15 0 34 0;
#X connect 16 0 17 0;
#X connect 16 1 18 0;
#X connect 16 2 19 0;
#X connect 16 3 50 0;
#X connect 16 4 51 0;
#X connect 16 5 20 0;
#X connect 17 0 23 0;
#X connect 17 0 27 0;
#X connect 17 0 39 0;
#X connect 18 0 23 0;
#X connect 18 0 27 0;
#X connect 18 0 39 0;
#X connect 19 0 23 0;
#X connect 19 0 27 0;
#X connect 19 0 39 0;
#X connect 20 0 23 0;
#X connect 20 0 27 0;
#X connect 20 0 39 0;
#X connect 21 0 1 0;
#X connect 22 0 12 0;
#X connect 22 0 13 0;
#X connect 23 0 24 0;
#X connect 25 0 49 0;
#X connect 26 0 25 0;
#X connect 27 0 26 0;
#X connect 28 0 32 0;
#X connect 29 0 37 0;
#X connect 30 0 32 1;
#X connect 30 0 37 1;
#X connect 30 0 42 0;
#X connect 31 0 33 0;
#X connect 32 0 41 0;
#X connect 33 0 28 0;
#X connect 34 0 35 0;
#X connect 34 1 16 0;
#X connect 35 0 49 0;
#X connect 35 1 36 0;
#X connect 36 0 29 1;
#X connect 37 0 25 0;
#X connect 39 0 40 0;
#X connect 40 0 38 0;
#X connect 41 0 29 0;
#X connect 42 0 41 1;
#X connect 50 0 23 0;
#X connect 50 0 27 0;
#X connect 50 0 39 0;
#X connect 51 0 23 0;
#X connect 51 0 27 0;
#X connect 51 0 39 0;
#X restore 12 589 pd window;
#N canvas 674 0 683 676 smooth 0;
#X obj 12 71 r \$0-window-smooth;
#X obj 12 95 list prepend pass window smooth;
#X obj 12 119 s \$0-params;
#X connect 0 0 1 0;
#X connect 1 0 2 0;
#X restore 12 565 pd smooth;
#N canvas 681 321 450 300 grain 0;
#N canvas 676 0 681 676 grain-duration 0;
#N canvas -8 -8 1366 685 unit-convert 0;
#X obj 62 182 spigot;
#X obj 101 167 tgl 15 0 empty empty empty 17 7 0 10 -262144 -1 -1 1
1;
#X obj 134 182 spigot;
#X obj 173 167 tgl 15 0 empty empty empty 17 7 0 10 -262144 -1 -1 0
1;
#X obj 52 12 inlet;
#X obj 52 128 f;
#X obj 101 12 inlet;
#X msg 101 128 1;
#X msg 173 128 1;
#X msg 133 70 0;
#X obj 62 240 expr $f1*$f2*0.001;
#X obj 62 269 list prepend pass duration;
#X obj 62 298 s \$0-params;
#X obj 185 211 r \$0-sample-rate;
#X obj 101 41 t f b;
#X obj 10 41 r \$0-reload;
#X obj 101 99 sel 0 1, f 21;
#X text 59 339 en caso de estar usando la unidad de ms \, la duración
de grano se convierte a samples y luego es enviada;
#X text 257 257 comment;
#X connect 0 0 10 0;
#X connect 1 0 0 1;
#X connect 2 0 11 0;
#X connect 3 0 2 1;
#X connect 4 0 5 0;
#X connect 5 0 0 0;
#X connect 5 0 2 0;
#X connect 6 0 14 0;
#X connect 7 0 1 0;
#X connect 8 0 3 0;
#X connect 9 0 3 0;
#X connect 9 0 1 0;
#X connect 10 0 11 0;
#X connect 11 0 12 0;
#X connect 13 0 10 1;
#X connect 14 0 16 0;
#X connect 14 1 9 0;
#X connect 15 0 5 0;
#X connect 16 0 7 0;
#X connect 16 1 8 0;
#X restore 42 121 pd unit-convert;
#N canvas 676 0 681 676 unit-display 0;
#X obj 81 424 f;
#X obj 81 298 spigot;
#X obj 120 283 tgl 15 0 empty empty empty 17 7 0 10 -262144 -1 -1 0
1;
#X obj 146 298 spigot;
#X obj 185 283 tgl 15 0 empty empty empty 17 7 0 10 -262144 -1 -1 0
1;
#X msg 239 225 0;
#X obj 12 12 inlet;
#X obj 81 225 f;
#X obj 81 41 inlet;
#X msg 120 225 1;
#X msg 185 225 1;
#X obj 81 472 s \$0-grain-duration-r;
#X msg 81 448 set \$1;
#X obj 81 356 expr $f1/($f2*0.001);
#X obj 146 385 expr $f1*($f2*0.001);
#X obj 81 254 change;
#X obj 81 157 t b f b, f 23;
#X obj 120 186 sel 1 2, f 19;
#X obj 81 99 + 1;
#X obj 81 128 change;
#X obj 218 327 r \$0-sample-rate;
#X obj 81 70 spigot;
#X text 59 12 duración de grano;
#X text 128 41 unidad (0/1 = ms/samples);
#X obj 349 254 symbol;
#X msg 324 225 ms;
#X msg 364 225 samp;
#X msg 349 283 label \$1;
#X obj 349 312 s \$0-grain-duration-unit-r;
#X text 141 522 los efectos de este subparche son sólo gráficos \,
se encarga de convertir el valor previo de la duración de grano al
cambiar de unidad para actualizar el número en la interfaz \, y también
cambia la label para que refleje el cambio de unidad;
#X connect 0 0 12 0;
#X connect 1 0 13 0;
#X connect 2 0 1 1;
#X connect 3 0 14 0;
#X connect 4 0 3 1;
#X connect 5 0 2 0;
#X connect 5 0 4 0;
#X connect 6 0 7 1;
#X connect 7 0 15 0;
#X connect 8 0 21 0;
#X connect 9 0 2 0;
#X connect 10 0 4 0;
#X connect 12 0 11 0;
#X connect 13 0 7 1;
#X connect 13 0 0 0;
#X connect 14 0 7 1;
#X connect 14 0 0 0;
#X connect 15 0 1 0;
#X connect 15 0 3 0;
#X connect 16 0 7 0;
#X connect 16 1 17 0;
#X connect 16 2 5 0;
#X connect 17 0 9 0;
#X connect 17 0 25 0;
#X connect 17 1 10 0;
#X connect 17 1 26 0;
#X connect 18 0 19 0;
#X connect 19 0 16 0;
#X connect 20 0 13 1;
#X connect 20 0 14 1;
#X connect 20 0 21 1;
#X connect 21 0 18 0;
#X connect 24 0 27 0;
#X connect 25 0 24 0;
#X connect 26 0 24 0;
#X connect 27 0 28 0;
#X restore 42 72 pd unit-display;
#X obj 12 33 r \$0-grain-duration;
#X obj 174 33 r \$0-grain-duration-unit;
#X connect 2 0 0 0;
#X connect 2 0 1 0;
#X connect 3 0 1 1;
#X connect 3 0 0 1;
#X restore 12 12 pd grain-duration;
#N canvas -7 0 681 676 grain-rate 0;
#X obj 29 135 r \$0-grain-rate;
#X obj 191 135 r \$0-grain-rate-unit;
#N canvas -8 -8 1366 685 unit-convert 0;
#X obj 72 182 spigot;
#X obj 111 167 tgl 15 0 empty empty empty 17 7 0 10 -262144 -1 -1 1
1;
#X obj 161 182 spigot;
#X obj 200 167 tgl 15 0 empty empty empty 17 7 0 10 -262144 -1 -1 0
1;
#X obj 62 12 inlet;
#X obj 62 128 f;
#X obj 111 12 inlet;
#X msg 111 128 1;
#X msg 200 128 1;
#X msg 143 70 0;
#X obj 161 211 expr $f1/($f2*0.001);
#X obj 72 250 list prepend rate;
#X obj 72 274 s \$0-params;
#X obj 298 182 r \$0-sample-rate;
#X obj 111 99 sel 0 1, f 26;
#X obj 111 41 t f b;
#X obj 20 41 r \$0-reload;
#X connect 0 0 11 0;
#X connect 1 0 0 1;
#X connect 2 0 10 0;
#X connect 3 0 2 1;
#X connect 4 0 5 0;
#X connect 5 0 0 0;
#X connect 5 0 2 0;
#X connect 6 0 15 0;
#X connect 7 0 1 0;
#X connect 8 0 3 0;
#X connect 9 0 3 0;
#X connect 9 0 1 0;
#X connect 10 0 11 0;
#X connect 11 0 12 0;
#X connect 13 0 10 1;
#X connect 14 0 7 0;
#X connect 14 1 8 0;
#X connect 15 0 14 0;
#X connect 15 1 9 0;
#X connect 16 0 5 0;
#X restore 59 216 pd unit-convert;
#N canvas -8 -8 1366 685 unit-display 0;
#X obj 61 444 f;
#X obj 61 318 spigot;
#X obj 100 303 tgl 15 0 empty empty empty 17 7 0 10 -262144 -1 -1 0
1;
#X obj 122 318 spigot;
#X obj 161 303 tgl 15 0 empty empty empty 17 7 0 10 -262144 -1 -1 0
1;
#X msg 212 245 0;
#X obj 12 12 inlet;
#X obj 61 245 f;
#X obj 61 41 inlet;
#X msg 100 245 1;
#X msg 161 245 1;
#X msg 61 473 set \$1;
#X obj 61 376 expr $f1/($f2*0.001);
#X obj 122 405 expr $f1*($f2*0.001);
#X obj 61 502 s \$0-grain-rate-r;
#X obj 61 157 t b f b, f 22;
#X obj 61 99 + 1;
#X obj 61 128 change;
#X obj 100 186 sel 1 2, f 18;
#X obj 198 346 r \$0-sample-rate;
#X obj 61 70 spigot;
#X text 67 550 los efectos de este subparche son sólo gráficos \,
se encarga de convertir el valor previo de frecuencia de encendido
automático de los granos al cambiar de unidad para actualizar el número
en la interfaz \, y también cambia la label para que refleje el cambio
de unidad;
#X text 56 12 frecuencia de encendido;
#X text 106 40 unidad de frecuencia (0/1 = ms/samples);
#X obj 324 264 symbol;
#X msg 307 235 ms;
#X msg 340 235 samp;
#X msg 324 293 label \$1;
#X obj 324 322 s \$0-grain-rate-unit-r;
#X connect 0 0 11 0;
#X connect 1 0 12 0;
#X connect 2 0 1 1;
#X connect 3 0 13 0;
#X connect 4 0 3 1;
#X connect 5 0 2 0;
#X connect 5 0 4 0;
#X connect 6 0 7 1;
#X connect 7 0 1 0;
#X connect 7 0 3 0;
#X connect 8 0 20 0;
#X connect 9 0 2 0;
#X connect 10 0 4 0;
#X connect 11 0 14 0;
#X connect 12 0 0 0;
#X connect 12 0 7 1;
#X connect 13 0 0 0;
#X connect 13 0 7 1;
#X connect 15 0 7 0;
#X connect 15 1 18 0;
#X connect 15 2 5 0;
#X connect 16 0 17 0;
#X connect 17 0 15 0;
#X connect 18 0 9 0;
#X connect 18 0 25 0;
#X connect 18 1 10 0;
#X connect 18 1 26 0;
#X connect 19 0 12 1;
#X connect 19 0 13 1;
#X connect 19 0 20 1;
#X connect 20 0 16 0;
#X connect 24 0 27 0;
#X connect 25 0 24 0;
#X connect 26 0 24 0;
#X connect 27 0 28 0;
#X restore 59 167 pd unit-display;
#X obj 465 186 list prepend rate metro;
#X obj 465 210 s \$0-params;
#X obj 465 162 r \$0-grain-auto;
#X connect 0 0 2 0;
#X connect 0 0 3 0;
#X connect 1 0 3 1;
#X connect 1 0 2 1;
#X connect 4 0 5 0;
#X connect 6 0 4 0;
#X restore 145 12 pd grain-rate;
#X restore 12 469 pd grain;
#N canvas -8 -8 1366 685 player 0;
#X obj 12 196 list prepend;
#X obj 12 225 list trim;
#X msg 70 167 manual;
#X msg 116 167 noteon;
#X obj 337 148 t b b;
#X msg 293 206 0;
#X msg 348 206 1;
#X obj 309 322 spigot;
#X obj 309 350 * 0.01;
#X obj 12 22 r \$0-playhead;
#X obj 293 51 r \$0-play;
#X obj 309 235 r \$0-speed;
#X obj 61 80 r \$0-playhead-reset;
#X obj 309 293 f;
#X obj 12 167 f;
#X obj 61 109 t b f;
#X obj 293 109 sel 0 1, f 13;
#X obj 93 138 sel 0 1;
#X obj 12 51 * 0.01;
#X obj 293 379 list prepend pass playhead speed;
#X obj 293 403 s \$0-params;
#X obj 12 254 list prepend pass playhead pos;
#X obj 12 278 s \$0-params;
#X connect 0 0 1 0;
#X connect 1 0 21 0;
#X connect 2 0 0 1;
#X connect 3 0 0 1;
#X connect 4 0 13 0;
#X connect 4 1 6 0;
#X connect 5 0 7 1;
#X connect 5 0 19 0;
#X connect 6 0 7 1;
#X connect 7 0 8 0;
#X connect 8 0 19 0;
#X connect 9 0 18 0;
#X connect 10 0 16 0;
#X connect 11 0 13 0;
#X connect 12 0 15 0;
#X connect 13 0 7 0;
#X connect 14 0 0 0;
#X connect 15 0 14 0;
#X connect 15 1 17 0;
#X connect 16 0 5 0;
#X connect 16 1 4 0;
#X connect 17 0 2 0;
#X connect 17 1 3 0;
#X connect 18 0 14 0;
#X connect 19 0 20 0;
#X connect 21 0 22 0;
#X restore 12 517 pd player;
#N canvas 0 50 450 300 offset 0;
#N canvas -8 -8 1366 685 offset-pitch 0;
#X obj 222 167 symbol;
#X obj 768 41 expr (100-$f1)*0.01;
#X obj 12 12 r \$0-offset-pitch;
#X obj 222 70 r \$0-offset-pitch-unit;
#N canvas -8 -8 1366 685 unit-convert 0;
#X obj 22 182 spigot;
#X obj 61 167 tgl 15 0 empty empty empty 17 7 0 10 -262144 -1 -1 1
1;
#X obj 95 182 spigot;
#X obj 134 167 tgl 15 0 empty empty empty 17 7 0 10 -262144 -1 -1 0
1;
#X obj 22 12 inlet;
#X obj 22 128 f;
#X obj 71 12 inlet;
#X obj 61 70 list trim;
#X msg 61 128 1;
#X msg 222 128 1;
#X obj 61 41 t a b, f 11;
#X msg 135 128 0;
#X obj 95 211 expr $f1*0.01;
#X obj 61 99 route m c, f 26;
#X obj 22 274 s \$0-params;
#X obj 22 250 list prepend pass offset pitch;
#X connect 0 0 15 0;
#X connect 1 0 0 1;
#X connect 2 0 12 0;
#X connect 3 0 2 1;
#X connect 4 0 5 0;
#X connect 5 0 0 0;
#X connect 5 0 2 0;
#X connect 6 0 10 0;
#X connect 7 0 13 0;
#X connect 8 0 1 0;
#X connect 9 0 3 0;
#X connect 10 0 7 0;
#X connect 10 1 11 0;
#X connect 11 0 3 0;
#X connect 11 0 1 0;
#X connect 12 0 15 0;
#X connect 13 0 8 0;
#X connect 13 1 9 0;
#X connect 15 0 14 0;
#X restore 12 196 pd unit-convert;
#X msg 222 196 label \$1;
#X obj 222 99 sel 0 1, f 9;
#X obj 768 12 r \$0-offset-pitch-precision;
#X obj 464 12 r \$0-offset-pitch-chance;
#N canvas 676 0 681 676 unit-display 0;
#X obj 71 366 f;
#X obj 71 240 spigot;
#X obj 110 225 tgl 15 0 empty empty empty 17 7 0 10 -262144 -1 -1 1
1;
#X obj 136 240 spigot;
#X obj 175 225 tgl 15 0 empty empty empty 17 7 0 10 -262144 -1 -1 0
1;
#X msg 229 167 0;
#X obj 12 12 inlet;
#X obj 71 167 f;
#X obj 71 12 inlet;
#X msg 110 167 1;
#X msg 175 167 1;
#X msg 71 395 set \$1;
#X obj 71 196 change;
#X obj 71 99 t b f b, f 23;
#X obj 110 138 sel 1 2, f 19;
#X obj 71 41 + 1;
#X obj 71 70 change;
#X obj 71 298 expr $f1*0.01;
#X obj 136 327 expr $f1*100;
#X obj 71 424 s \$0-offset-pitch-r;
#X connect 0 0 11 0;
#X connect 1 0 17 0;
#X connect 2 0 1 1;
#X connect 3 0 18 0;
#X connect 4 0 3 1;
#X connect 5 0 2 0;
#X connect 5 0 4 0;
#X connect 6 0 7 1;
#X connect 7 0 12 0;
#X connect 8 0 15 0;
#X connect 9 0 2 0;
#X connect 10 0 4 0;
#X connect 11 0 19 0;
#X connect 12 0 1 0;
#X connect 12 0 3 0;
#X connect 13 0 7 0;
#X connect 13 1 14 0;
#X connect 13 2 5 0;
#X connect 14 0 9 0;
#X connect 14 1 10 0;
#X connect 15 0 16 0;
#X connect 16 0 13 0;
#X connect 17 0 0 0;
#X connect 17 0 7 1;
#X connect 18 0 0 0;
#X connect 18 0 7 1;
#X restore 32 167 pd unit-display;
#X obj 222 225 s \$0-offset-pitch-unit-r;
#X msg 222 128 m;
#X msg 252 128 c;
#X obj 768 119 s \$0-params;
#X obj 768 70 list prepend pass offset pitch precis;
#X obj 464 70 list prepend pass offset pitch chance;
#X connect 0 0 4 1;
#X connect 0 0 5 0;
#X connect 1 0 14 0;
#X connect 2 0 4 0;
#X connect 2 0 9 0;
#X connect 3 0 6 0;
#X connect 3 0 9 1;
#X connect 5 0 10 0;
#X connect 6 0 11 0;
#X connect 6 1 12 0;
#X connect 7 0 1 0;
#X connect 8 0 15 0;
#X connect 11 0 0 0;
#X connect 12 0 0 0;
#X connect 14 0 13 0;
#X connect 15 0 13 0;
#X restore 152 11 pd offset-pitch;
#N canvas -8 -8 1366 685 offset-duration 0;
#X obj 243 157 symbol;
#X msg 243 128 ms;
#X obj 768 41 expr (100-$f1)*0.01;
#N canvas -8 -8 1366 685 unit-convert 0;
#X obj 22 182 spigot;
#X obj 61 167 tgl 15 0 empty empty empty 17 7 0 10 -262144 -1 -1 1
1;
#X obj 95 182 spigot;
#X obj 134 167 tgl 15 0 empty empty empty 17 7 0 10 -262144 -1 -1 0
1;
#X obj 22 12 inlet;
#X obj 22 128 f;
#X obj 71 12 inlet;
#X obj 61 70 list trim;
#X msg 61 128 1;
#X msg 222 128 1;
#X obj 61 41 t a b, f 11;
#X msg 135 128 0;
#X obj 22 240 expr $f1*$f2*0.001;
#X obj 61 99 route ms sp, f 26;
#X obj 22 269 list prepend pass offset duration;
#X obj 22 293 s \$0-params;
#X obj 145 211 r \$0-sample-rate;
#X connect 0 0 12 0;
#X connect 1 0 0 1;
#X connect 2 0 14 0;
#X connect 3 0 2 1;
#X connect 4 0 5 0;
#X connect 5 0 0 0;
#X connect 5 0 2 0;
#X connect 6 0 10 0;
#X connect 7 0 13 0;
#X connect 8 0 1 0;
#X connect 9 0 3 0;
#X connect 10 0 7 0;
#X connect 10 1 11 0;
#X connect 11 0 3 0;
#X connect 11 0 1 0;
#X connect 12 0 14 0;
#X connect 13 0 8 0;
#X connect 13 1 9 0;
#X connect 14 0 15 0;
#X connect 16 0 12 1;
#X restore 12 186 pd unit-convert;
#X obj 12 12 r \$0-offset-duration;
#X obj 243 70 r \$0-offset-duration-unit;
#X msg 243 186 label \$1;
#X obj 243 99 sel 0 1;
#X obj 768 12 r \$0-offset-duration-precision;
#X obj 464 12 r \$0-offset-duration-chance;
#N canvas 676 0 681 676 unit-display 0;
#X obj 71 395 f;
#X obj 71 269 spigot;
#X obj 110 254 tgl 15 0 empty empty empty 17 7 0 10 -262144 -1 -1 1
1;
#X obj 136 269 spigot;
#X obj 175 254 tgl 15 0 empty empty empty 17 7 0 10 -262144 -1 -1 0
1;
#X msg 229 196 0;
#X obj 12 12 inlet;
#X obj 71 196 f;
#X obj 71 12 inlet;
#X msg 110 196 1;
#X msg 175 196 1;
#X msg 71 419 set \$1;
#X obj 71 327 expr $f1/($f2*0.001);
#X obj 136 356 expr $f1*($f2*0.001);
#X obj 71 225 change;
#X obj 71 128 t b f b, f 23;
#X obj 110 167 sel 1 2, f 19;
#X obj 71 70 + 1;
#X obj 71 99 change;
#X obj 71 443 s \$0-offset-duration-r;
#X obj 208 298 r \$0-sample-rate;
#X obj 71 41 spigot;
#X connect 0 0 11 0;
#X connect 1 0 12 0;
#X connect 2 0 1 1;
#X connect 3 0 13 0;
#X connect 4 0 3 1;
#X connect 5 0 2 0;
#X connect 5 0 4 0;
#X connect 6 0 7 1;
#X connect 7 0 14 0;
#X connect 8 0 21 0;
#X connect 9 0 2 0;
#X connect 10 0 4 0;
#X connect 11 0 19 0;
#X connect 12 0 7 1;
#X connect 12 0 0 0;
#X connect 13 0 7 1;
#X connect 13 0 0 0;
#X connect 14 0 1 0;
#X connect 14 0 3 0;
#X connect 15 0 7 0;
#X connect 15 1 16 0;
#X connect 15 2 5 0;
#X connect 16 0 9 0;
#X connect 16 1 10 0;
#X connect 17 0 18 0;
#X connect 18 0 15 0;
#X connect 20 0 12 1;
#X connect 20 0 13 1;
#X connect 20 0 21 1;
#X connect 21 0 17 0;
#X restore 32 157 pd unit-display;
#X obj 243 215 s \$0-offset-duration-unit-r;
#X msg 268 128 sp;
#X obj 768 139 s \$0-params;
#X obj 768 70 list prepend pass offset duration precis;
#X obj 464 70 list prepend pass offset duration chance;
#X connect 0 0 3 1;
#X connect 0 0 6 0;
#X connect 1 0 0 0;
#X connect 2 0 14 0;
#X connect 4 0 3 0;
#X connect 4 0 10 0;
#X connect 5 0 7 0;
#X connect 5 0 10 1;
#X connect 6 0 11 0;
#X connect 7 0 1 0;
#X connect 7 1 12 0;
#X connect 8 0 2 0;
#X connect 9 0 15 0;
#X connect 12 0 0 0;
#X connect 14 0 13 0;
#X connect 15 0 13 0;
#X restore 271 11 pd offset-duration;
#N canvas -8 -8 1366 685 offset-playhead 0;
#X obj 215 157 symbol;
#X msg 215 128 ms;
#X obj 768 41 expr (100-$f1)*0.01;
#N canvas -8 -8 1366 685 unit-convert 0;
#X obj 22 182 spigot;
#X obj 61 167 tgl 15 0 empty empty empty 17 7 0 10 -262144 -1 -1 1
1;
#X obj 95 182 spigot;
#X obj 134 167 tgl 15 0 empty empty empty 17 7 0 10 -262144 -1 -1 0
1;
#X obj 22 12 inlet;
#X obj 22 128 f;
#X obj 71 12 inlet;
#X obj 61 70 list trim;
#X msg 61 128 1;
#X msg 222 128 1;
#X obj 61 41 t a b, f 11;
#X msg 135 128 0;
#X obj 22 240 expr $f1*$f2*0.001;
#X obj 61 99 route ms sp, f 26;
#X obj 22 279 list prepend pass offset playhead;
#X obj 22 303 s \$0-params;
#X obj 145 211 r \$0-sample-rate;
#X connect 0 0 12 0;
#X connect 1 0 0 1;
#X connect 2 0 14 0;
#X connect 3 0 2 1;
#X connect 4 0 5 0;
#X connect 5 0 0 0;
#X connect 5 0 2 0;
#X connect 6 0 10 0;
#X connect 7 0 13 0;
#X connect 8 0 1 0;
#X connect 9 0 3 0;
#X connect 10 0 7 0;
#X connect 10 1 11 0;
#X connect 11 0 3 0;
#X connect 11 0 1 0;
#X connect 12 0 14 0;
#X connect 13 0 8 0;
#X connect 13 1 9 0;
#X connect 14 0 15 0;
#X connect 16 0 12 1;
#X restore 12 215 pd unit-convert;
#X msg 215 186 label \$1;
#X obj 215 99 sel 0 1;
#X obj 215 70 r \$0-offset-playhead-unit;
#X obj 768 12 r \$0-offset-playhead-precision;
#X obj 464 12 r \$0-offset-playhead-chance;
#X obj 12 12 r \$0-offset-playhead;
#X obj 215 215 s \$0-offset-playhead-unit-r;
#N canvas 676 0 681 676 unit-display 0;
#X obj 71 395 f;
#X obj 71 269 spigot;
#X obj 110 254 tgl 15 0 empty empty empty 17 7 0 10 -262144 -1 -1 1
1;
#X obj 136 269 spigot;
#X obj 175 254 tgl 15 0 empty empty empty 17 7 0 10 -262144 -1 -1 0
1;
#X msg 229 196 0;
#X obj 12 12 inlet;
